Pillars
Full_Pillar.000 -3.879903554916382 0.1662735641002655 5.454769611358643
0.0 0.0 0.0
Full_Pillar.001 3.860325574874878 0.15627355873584747 8.474769592285156
0.0 0.0 0.0
Full_Pillar.002 -3.879903554916382 0.15627355873584747 2.4747700691223145
0.0 0.0 0.0
Full_Pillar.003 3.860325574874878 0.15627355873584747 -11.525230407714844
0.0 0.0 0.0
Full_Pillar.004 3.860325574874878 0.15627355873584747 -9.525230407714844
0.0 0.0 0.0
Full_Pillar.005 3.860325574874878 0.15627355873584747 -6.5252299308776855
0.0 0.0 0.0
Full_Pillar.006 3.860325574874878 0.15627355873584747 -3.5252299308776855
0.0 0.0 0.0
Full_Pillar.007 -3.879903554916382 0.15627355873584747 -3.5252299308776855
0.0 0.0 0.0
Full_Pillar.008 3.860325574874878 0.15627355873584747 2.4747700691223145
0.0 0.0 0.0
Full_Pillar.009 3.860325574874878 0.1662735641002655 5.454769611358643
0.0 0.0 0.0
Full_Pillar.010 -3.879903554916382 0.15627355873584747 -6.5252299308776855
0.0 0.0 0.0
Full_Pillar.011 -3.879903554916382 0.15627355873584747 -9.525230407714844
0.0 0.0 0.0
Full_Pillar.012 -3.879903554916382 0.15627355873584747 -11.525230407714844
0.0 0.0 0.0
Full_Pillar.013 -3.879903554916382 0.15627355873584747 8.474769592285156
0.0 0.0 0.0
Full_Pillar.014 -1.8798999786376953 0.15627355873584747 8.474769592285156
0.0 0.0 0.0
Full_Pillar.015 0.1200999990105629 0.15627355873584747 8.474769592285156
0.0 0.0 0.0
Full_Pillar.016 2.1201000213623047 0.15627355873584747 8.474769592285156
0.0 0.0 0.0
Full_Pillar.017 1.8603299856185913 0.15627355873584747 -11.525230407714844
0.0 0.0 0.0
Full_Pillar.018 -0.1396699994802475 0.15627355873584747 -11.525230407714844
0.0 0.0 0.0
Full_Pillar.019 -2.139669895172119 0.15627355873584747 -11.525230407714844
0.0 0.0 0.0
Full_Pillar007 3.860325574874878 0.15627355873584747 -0.5252299904823303
0.0 0.0 0.0
Full_Pillar007.001 -3.879903554916382 0.15627355873584747 -0.5252299904823303
0.0 0.0 0.0
